55
Balaenoptera_ricei          0.0000000 0.0071162 0.0173325 0.0263755 0.0249011 0.0244304 0.0206871 0.0281572 0.0415836 0.0400824 0.0397178 0.1673293 0.1662133 0.1608933 0.1413198 0.1650196 0.1560219 0.0790359 0.1888326 0.0948562 0.0756697 0.1640690 0.1556446 0.0845172 0.1741497 0.1669527 0.1734485 0.0756008 0.1097722 0.1688077 0.0683798 0.0834129 0.0848117 0.1644388 0.1621811 0.1984389 0.1168820 0.0815670 0.0782325 0.2099293 0.0849963 0.0729672 0.1009479 0.0789808 0.0898402 0.1317441 0.0259549 0.0257321 0.1119357 0.1460220 0.1198616 0.0591147 0.0638410 0.0647667 0.0213628 
Balaenoptera_edeni          0.0071162 0.0000000 0.0052104 0.0182914 0.0220780 0.0211052 0.0181144 0.0232395 0.0180988 0.0337368 0.0323926 0.1309361 0.1183228 0.1207991 0.1145176 0.1233252 0.1292714 0.0891955 0.1717101 0.0886129 0.0718829 0.1337112 0.1229757 0.0921898 0.1322565 0.1230361 0.1275527 0.0854104 0.0889077 0.1171663 0.0735556 0.0896440 0.0874202 0.1072560 0.1221354 0.1766570 0.0848106 0.0837336 0.0821660 0.1300014 0.0957836 0.0734711 0.1123149 0.0948338 0.0836321 0.1601394 0.0229617 0.0228594 0.0792757 0.0813473 0.0792664 0.0567509 0.0671985 0.0622998 0.0283158 
Balaenoptera_borealis       0.0173325 0.0052104 0.0000000 0.0319963 0.0246671 0.0220473 0.0215059 0.0442946 0.0393381 0.0569168 0.0605171 0.1661210 0.1712566 0.1577450 0.1485892 0.1597234 0.1589505 0.1225013 0.1943513 0.1283102 0.1056987 0.1732293 0.1568154 0.1246791 0.1638666 0.1621364 0.1732103 0.1162823 0.1225139 0.1659017 0.1117678 0.1267731 0.1333757 0.1521884 0.1761151 0.2190379 0.1335524 0.1591727 0.1316487 0.1868161 0.1465326 0.1140011 0.1626456 0.1391552 0.1530055 0.2330191 0.0239421 0.0238363 0.0796449 0.0817266 0.0796355 0.0580626 0.0686320 0.0636574 0.0298375 
Balaenoptera_musculus       0.0263755 0.0182914 0.0319963 0.0000000 0.0246506 0.0236019 0.0175883 0.0285765 0.0396644 0.0398373 0.0345730 0.1677401 0.1579384 0.1578697 0.1457254 0.1612246 0.1547064 0.0844175 0.1791727 0.0961986 0.0823396 0.1678240 0.1615835 0.0883034 0.1731975 0.1651294 0.1674603 0.0800172 0.1083944 0.1664432 0.0688605 0.0851275 0.0845859 0.1564328 0.1632441 0.1845618 0.1139489 0.0831820 0.0785025 0.1748049 0.0872627 0.0796947 0.1056481 0.0778243 0.1009225 0.1424466 0.0268659 0.0267460 0.1189304 0.1387103 0.1137323 0.0636976 0.0673166 0.0662002 0.0216732 
Balaenoptera_acutorostrata  0.0249011 0.0220780 0.0246671 0.0246506 0.0000000 0.0228366 0.0249252 0.0173410 0.0074635 0.0292934 0.0253561 0.1343479 0.1259084 0.1323255 0.1145501 0.1334121 0.1275093 0.0666191 0.1568873 0.0787373 0.0641502 0.1275502 0.1216970 0.0697078 0.1427183 0.1363316 0.1332298 0.0638959 0.0935499 0.1303311 0.0524247 0.0673501 0.0660019 0.1211904 0.1115554 0.1514340 0.0829400 0.0629130 0.0652557 0.1227230 0.0645862 0.0602971 0.0818664 0.0564648 0.0728647 0.1103678 0.0201581 0.0200683 0.1000804 0.1291337 0.1059217 0.0575326 0.0622409 0.0632240 0.0234274 
Balaenoptera_physalus       0.0244304 0.0211052 0.0220473 0.0236019 0.0228366 0.0000000 0.0132176 0.0222980 0.0206444 0.0387760 0.0434394 0.0890587 0.0837323 0.0842998 0.0877608 0.0915064 0.0885975 0.0806305 0.0961256 0.0935456 0.0728787 0.0950237 0.0914424 0.0833910 0.0940219 0.0917494 0.0896095 0.0777856 0.0812591 0.0878239 0.0621458 0.0760702 0.0847041 0.0800912 0.0793006 0.1286834 0.0654799 0.0671504 0.0880438 0.1076008 0.0700946 0.0841249 0.1290362 0.0828778 0.1208196 0.1555088 0.0228836 0.0227819 0.0775558 0.0844310 0.0878483 0.0697776 0.0749651 0.0706088 0.0329963 
Megaptera_novaeangliae      0.0206871 0.0181144 0.0215059 0.0175883 0.0249252 0.0132176 0.0000000 0.0194156 0.0229887 0.0301239 0.0207380 0.0987851 0.0922005 0.0937537 0.0974483 0.1011680 0.0991346 0.0635393 0.0996732 0.0672309 0.0590604 0.1066128 0.1046880 0.0658152 0.1048099 0.1014355 0.0992931 0.0609496 0.0639831 0.0981425 0.0464295 0.0637921 0.0672771 0.0909052 0.0910922 0.1489754 0.0700999 0.0563238 0.0634324 0.1570738 0.0517342 0.0641901 0.0873946 0.0481852 0.0739662 0.1001525 0.0238194 0.0252139 0.0872000 0.0955875 0.1088325 0.0572984 0.0629138 0.0544869 0.0173969 
Eschrichtius_robustus       0.0281572 0.0232395 0.0442946 0.0285765 0.0173410 0.0222980 0.0194156 0.0000000 0.0424243 0.0325442 0.0321987 0.1571626 0.1484457 0.1508404 0.1336849 0.1478617 0.1433730 0.0752268 0.1654323 0.0885279 0.0733319 0.1500867 0.1449832 0.0791545 0.1609843 0.1526658 0.1567543 0.0725750 0.1024756 0.1525821 0.0647827 0.0764838 0.0749364 0.1420009 0.1384729 0.1741450 0.1203244 0.0815722 0.0761933 0.1891419 0.0801620 0.0699763 0.0923135 0.0759749 0.0862525 0.1305727 0.0258390 0.0257241 0.0976616 0.1245317 0.1025245 0.0527978 0.0573984 0.0601719 0.0190375 
Balaenoptera_bonaerensis    0.0415836 0.0180988 0.0393381 0.0396644 0.0074635 0.0206444 0.0229887 0.0424243 0.0000000 0.0561473 0.0639639 0.1742650 0.1609574 0.1660610 0.1641843 0.1641206 0.1669563 0.1251061 0.2130993 0.1281971 0.1061384 0.1829681 0.1699036 0.1288006 0.1776887 0.1658758 0.1779956 0.1149488 0.1286690 0.1649637 0.1154337 0.1293342 0.1362204 0.1698279 0.1889490 0.2336083 0.1263096 0.1314831 0.1219789 0.1773758 0.1273677 0.1218616 0.1388764 0.1388969 0.1481829 0.2210419 0.0194273 0.0193400 0.0772466 0.0793078 0.0772375 0.0536471 0.0631884 0.0567060 0.0197671 
Eubalaena_glacialis         0.0400824 0.0337368 0.0569168 0.0398373 0.0292934 0.0387760 0.0301239 0.0325442 0.0561473 0.0000000 0.0021301 0.1540783 0.1503210 0.1510813 0.1354219 0.1479078 0.1385138 0.0773767 0.1670055 0.0889500 0.0759885 0.1522237 0.1467712 0.0805253 0.1628099 0.1518810 0.1530967 0.0715040 0.1046076 0.1535829 0.0641099 0.0789558 0.0744644 0.1368027 0.1372087 0.1708829 0.1098396 0.0756180 0.0728755 0.1614967 0.0815818 0.0702765 0.0963137 0.0782960 0.0888898 0.1337723 0.0037484 0.0029616 0.0991261 0.1232056 0.1040214 0.0573826 0.0617588 0.0603299 0.0233128 
Eubalaena_australis         0.0397178 0.0323926 0.0605171 0.0345730 0.0253561 0.0434394 0.0207380 0.0321987 0.0639639 0.0021301 0.0000000 0.2248802 0.2204907 0.2136613 0.1980649 0.2026091 0.1964708 0.0747607 0.2061125 0.0685223 0.0641266 0.2433330 0.2298141 0.0760217 0.2323430 0.1990473 0.2175353 0.0675851 0.0756458 0.2152679 0.0626741 0.0770110 0.0700342 0.1805983 0.2116613 0.2127624 0.1355234 0.0700640 0.0621945 0.1903082 0.0762078 0.0636585 0.0867294 0.0755406 0.0691244 0.1322530 0.0000024 0.0010753 0.0837680 0.0880783 0.0783296 0.0404176 0.0453873 0.0381987 0.0194480 
Steno_bredanensis           0.1673293 0.1309361 0.1661210 0.1677401 0.1343479 0.0890587 0.0987851 0.1571626 0.1742650 0.1540783 0.2248802 0.0000000 0.0167566 0.0176431 0.0230500 0.0154500 0.0155767 0.0216495 0.0192921 0.0426373 0.0242338 0.0261993 0.0250302 0.0271144 0.0207928 0.0170299 0.0195818 0.0267103 0.0202656 0.0240013 0.0834207 0.0675924 0.0984793 0.0616089 0.0712331 0.1597660 0.1051961 0.1208085 0.1595116 0.1693416 0.1192886 0.1389740 0.2047443 0.1748510 0.2115082 0.3447719 0.0760917 0.0737092 0.0123277 0.0125321 0.0088627 0.0441814 0.0697729 0.0850546 0.1074908 
Lagenorhynchus_obliquidens  0.1662133 0.1183228 0.1712566 0.1579384 0.1259084 0.0837323 0.0922005 0.1484457 0.1609574 0.1503210 0.2204907 0.0167566 0.0000000 0.0103652 0.0245338 0.0167867 0.0169260 0.0230960 0.0197214 0.0360547 0.0250554 0.0259843 0.0251294 0.0272855 0.0216147 0.0170726 0.0196811 0.0254048 0.0213651 0.0210679 0.0748067 0.0715256 0.0980180 0.0631540 0.0730267 0.1617864 0.1014484 0.1145400 0.1526043 0.1756387 0.1194618 0.1395413 0.2093224 0.1743583 0.2188517 0.3463883 0.0712583 0.0689249 0.0131456 0.0110824 0.0040200 0.0439804 0.0661116 0.0852523 0.1054873 
Cephalorhynchus_commersonii 0.1608933 0.1207991 0.1577450 0.1578697 0.1323255 0.0842998 0.0937537 0.1508404 0.1660610 0.1510813 0.2136613 0.0176431 0.0103652 0.0000000 0.0233888 0.0151211 0.0165522 0.0223278 0.0181747 0.0359486 0.0231285 0.0255079 0.0229367 0.0257561 0.0201728 0.0169797 0.0199260 0.0266842 0.0206323 0.0223331 0.0766801 0.0702838 0.0968328 0.0598300 0.0717725 0.1591007 0.1006585 0.1171152 0.1561520 0.1684021 0.1142904 0.1398132 0.2098108 0.1771986 0.2077989 0.3458711 0.0760255 0.0736535 0.0119383 0.0106564 0.0045294 0.0421611 0.0673537 0.0856482 0.1164719 
Grampus_griseus             0.1413198 0.1145176 0.1485892 0.1457254 0.1145501 0.0877608 0.0974483 0.1336849 0.1641843 0.1354219 0.1980649 0.0230500 0.0245338 0.0233888 0.0000000 0.0140546 0.0130742 0.0110968 0.0196634 0.0205940 0.0168582 0.0209101 0.0204803 0.0208102 0.0268168 0.0230822 0.0233769 0.0200538 0.0260626 0.0279521 0.0667651 0.0595529 0.0743995 0.0660132 0.0631521 0.1593111 0.1008246 0.1137856 0.1312166 0.1596442 0.1129151 0.1317296 0.1815454 0.1663865 0.1913832 0.3153323 0.0734382 0.0710905 0.0070049 0.0191310 0.0164543 0.0305871 0.0523171 0.0989414 0.1165003 
Peponocephala_electra       0.1650196 0.1233252 0.1597234 0.1612246 0.1334121 0.0915064 0.1011680 0.1478617 0.1641206 0.1479078 0.2026091 0.0154500 0.0167867 0.0151211 0.0140546 0.0000000 0.0068729 0.0124025 0.0091729 0.0220482 0.0205447 0.0257683 0.0247244 0.0257825 0.0197928 0.0160515 0.0153639 0.0235826 0.0179710 0.0206562 0.0691292 0.0666402 0.0904906 0.0573688 0.0719841 0.1574515 0.1002031 0.1128458 0.1445139 0.1604903 0.1176328 0.1406473 0.2013854 0.1731181 0.2069274 0.3337814 0.0713440 0.0690117 0.0119529 0.0117796 0.0077849 0.0412262 0.0672669 0.0874023 0.1116140 
Feresa_attenuata            0.1560219 0.1292714 0.1589505 0.1547064 0.1275093 0.0885975 0.0991346 0.1433730 0.1669563 0.1385138 0.1964708 0.0155767 0.0169260 0.0165522 0.0130742 0.0068729 0.0000000 0.0108415 0.0086157 0.0168176 0.0191230 0.0240813 0.0233557 0.0233435 0.0226742 0.0181450 0.0174590 0.0208308 0.0187866 0.0211527 0.0685401 0.0607657 0.0838194 0.0587580 0.0688377 0.1587238 0.0991459 0.1131824 0.1326704 0.1558901 0.1143130 0.1324253 0.2016615 0.1677566 0.1973447 0.3134495 0.0713440 0.0690117 0.0085768 0.0127005 0.0090372 0.0342061 0.0605045 0.0877722 0.1116140 
Pseudorca_crassidens        0.0790359 0.0891955 0.1225013 0.0844175 0.0666191 0.0806305 0.0635393 0.0752268 0.1251061 0.0773767 0.0747607 0.0216495 0.0230960 0.0223278 0.0110968 0.0124025 0.0108415 0.0000000 0.0163668 0.0169108 0.0108605 0.0204261 0.0197551 0.0131948 0.0273880 0.0219690 0.0222227 0.0107791 0.0261168 0.0275034 0.0393544 0.0394569 0.0414276 0.0677228 0.0661850 0.1742490 0.0905344 0.0754630 0.0679907 0.1670052 0.0650463 0.0752835 0.1003080 0.0603261 0.0942570 0.1449600 0.0586675 0.0584367 0.0066465 0.0191750 0.0184842 0.0214153 0.0379967 0.0590350 0.0421924 
Globicephala_macrorhynchus  0.1888326 0.1717101 0.1943513 0.1791727 0.1568873 0.0961256 0.0996732 0.1654323 0.2130993 0.1670055 0.2061125 0.0192921 0.0197214 0.0181747 0.0196634 0.0091729 0.0086157 0.0163668 0.0000000 0.0127876 0.0239013 0.0312374 0.0307476 0.0311930 0.0248970 0.0200882 0.0195837 0.0282825 0.0220718 0.0243286 0.0952253 0.0728414 0.1111128 0.0660383 0.0830424 0.1590843 0.1125049 0.1166182 0.1706321 0.2252688 0.1284776 0.1536786 0.2411019 0.2114962 0.2095412 0.4250790 0.0921966 0.0927490 0.0155305 0.0157277 0.0120990 0.0526456 0.0783841 0.1037132 0.1091354 
Globicephala_melas          0.0948562 0.0886129 0.1283102 0.0961986 0.0787373 0.0935456 0.0672309 0.0885279 0.1281971 0.0889500 0.0685223 0.0426373 0.0360547 0.0359486 0.0205940 0.0220482 0.0168176 0.0169108 0.0127876 0.0000000 0.0128541 0.0348077 0.0335325 0.0250603 0.0451862 0.0383507 0.0377788 0.0239547 0.0190020 0.0449843 0.0434674 0.0585406 0.0560022 0.1016053 0.1050354 0.1884926 0.1087955 0.0837523 0.0846951 0.1774030 0.0706397 0.0915942 0.1159662 0.0600298 0.0851642 0.1525386 0.0467709 0.0463768 0.0118073 0.0364358 0.0227333 0.0308512 0.0510508 0.0553820 0.0506765 
Tursiops_truncatus          0.0756697 0.0718829 0.1056987 0.0823396 0.0641502 0.0728787 0.0590604 0.0733319 0.1061384 0.0759885 0.0641266 0.0242338 0.0250554 0.0231285 0.0168582 0.0205447 0.0191230 0.0108605 0.0239013 0.0128541 0.0000000 0.0038462 0.0056841 0.0062759 0.0120303 0.0142821 0.0149365 0.0120808 0.0162496 0.0272109 0.0344884 0.0381345 0.0380547 0.0602045 0.0579117 0.1576258 0.0875558 0.0700979 0.0690730 0.1443755 0.0569208 0.0734667 0.1004642 0.0500160 0.0932031 0.1431126 0.0591762 0.0589438 0.0030852 0.0151114 0.0197639 0.0236734 0.0406763 0.0595857 0.0415849 
Tursiops_aduncus            0.1640690 0.1337112 0.1732293 0.1678240 0.1275502 0.0950237 0.1066128 0.1500867 0.1829681 0.1522237 0.2433330 0.0261993 0.0259843 0.0255079 0.0209101 0.0257683 0.0240813 0.0204261 0.0312374 0.0348077 0.0038462 0.0000000 0.0059583 0.0068412 0.0122205 0.0149984 0.0159268 0.0234582 0.0297655 0.0312867 0.0724315 0.0657473 0.0891618 0.0724243 0.0692397 0.1777162 0.1067034 0.1194018 0.1454426 0.1667483 0.1304963 0.1388536 0.2003051 0.1854451 0.1942536 0.2983483 0.0744012 0.0720338 0.0037914 0.0155113 0.0196996 0.0365934 0.0592982 0.1058216 0.1128184 
Stenella_coeruleoalba       0.1556446 0.1229757 0.1568154 0.1615835 0.1216970 0.0914424 0.1046880 0.1449832 0.1699036 0.1467712 0.2298141 0.0250302 0.0251294 0.0229367 0.0204803 0.0247244 0.0233557 0.0197551 0.0307476 0.0335325 0.0056841 0.0059583 0.0000000 0.0058975 0.0115037 0.0140129 0.0172295 0.0220136 0.0289070 0.0311492 0.0691803 0.0658506 0.0880127 0.0720187 0.0696888 0.1749565 0.1090973 0.1233901 0.1431817 0.1640227 0.1253117 0.1375552 0.1969017 0.1801872 0.1972734 0.2864606 0.0696873 0.0673563 0.0037797 0.0154618 0.0184216 0.0351984 0.0590470 0.1036596 0.1128184 
Delphinus_delphis           0.0845172 0.0921898 0.1246791 0.0883034 0.0697078 0.0833910 0.0658152 0.0791545 0.1288006 0.0805253 0.0760217 0.0271144 0.0272855 0.0257561 0.0208102 0.0257825 0.0233435 0.0131948 0.0311930 0.0250603 0.0062759 0.0068412 0.0058975 0.0000000 0.0102470 0.0156150 0.0182224 0.0150830 0.0291376 0.0315412 0.0395903 0.0430209 0.0442535 0.0720556 0.0701484 0.1758987 0.0968743 0.0785773 0.0724526 0.1707153 0.0681532 0.0790347 0.1026726 0.0650030 0.0922774 0.1411311 0.0574567 0.0572283 0.0048329 0.0162802 0.0221541 0.0242111 0.0408714 0.0609200 0.0425808 
Stenella_longirostris       0.1741497 0.1322565 0.1638666 0.1731975 0.1427183 0.0940219 0.1048099 0.1609843 0.1776887 0.1628099 0.2323430 0.0207928 0.0216147 0.0201728 0.0268168 0.0197928 0.0226742 0.0273880 0.0248970 0.0451862 0.0120303 0.0122205 0.0115037 0.0102470 0.0000000 0.0095687 0.0107900 0.0309487 0.0228670 0.0260091 0.0758567 0.0698096 0.0972801 0.0612221 0.0754941 0.1655354 0.1115416 0.1242963 0.1570959 0.1602903 0.1268731 0.1467973 0.2227840 0.1843100 0.2157558 0.3260371 0.0728615 0.0704157 0.0101706 0.0096557 0.0107572 0.0475440 0.0737043 0.0935015 0.1179425 
Stenella_attenuata          0.1669527 0.1230361 0.1621364 0.1651294 0.1363316 0.0917494 0.1014355 0.1526658 0.1658758 0.1518810 0.1990473 0.0170299 0.0170726 0.0169797 0.0230822 0.0160515 0.0181450 0.0219690 0.0200882 0.0383507 0.0142821 0.0149984 0.0140129 0.0156150 0.0095687 0.0000000 0.0097816 0.0246877 0.0199782 0.0226969 0.0704972 0.0676967 0.0922699 0.0596997 0.0703799 0.1609070 0.1059884 0.1215411 0.1579765 0.1644024 0.1238348 0.1461479 0.2145516 0.1741322 0.2208976 0.3343915 0.0734926 0.0711389 0.0081507 0.0076786 0.0088499 0.0466156 0.0734263 0.0923493 0.1119481 
Lagenodelphis_hosei         0.1734485 0.1275527 0.1732103 0.1674603 0.1332298 0.0896095 0.0992931 0.1567543 0.1779956 0.1530967 0.2175353 0.0195818 0.0196811 0.0199260 0.0233769 0.0153639 0.0174590 0.0222227 0.0195837 0.0377788 0.0149365 0.0159268 0.0172295 0.0182224 0.0107900 0.0097816 0.0000000 0.0256655 0.0209182 0.0216593 0.0785216 0.0672282 0.0914784 0.0578576 0.0709802 0.1583071 0.1071679 0.1225158 0.1515084 0.1615698 0.1283776 0.1451090 0.2054723 0.1845435 0.2095258 0.3352352 0.0740890 0.0717217 0.0103847 0.0098739 0.0077809 0.0427085 0.0689580 0.0874194 0.1115016 
Lagenorhynchus_albirostris  0.0756008 0.0854104 0.1162823 0.0800172 0.0638959 0.0777856 0.0609496 0.0725750 0.1149488 0.0715040 0.0675851 0.0267103 0.0254048 0.0266842 0.0200538 0.0235826 0.0208308 0.0107791 0.0282825 0.0239547 0.0120808 0.0234582 0.0220136 0.0150830 0.0309487 0.0246877 0.0256655 0.0000000 0.0278396 0.0295501 0.0370328 0.0396127 0.0409130 0.0705842 0.0681822 0.1689286 0.0900639 0.0745464 0.0672002 0.1704532 0.0647606 0.0764958 0.1002220 0.0617066 0.0939009 0.1417327 0.0576472 0.0574187 0.0073420 0.0199082 0.0176732 0.0208760 0.0363052 0.0549680 0.0396037 
Orcinus_orca                0.1097722 0.0889077 0.1225139 0.1083944 0.0935499 0.0812591 0.0639831 0.1024756 0.1286690 0.1046076 0.0756458 0.0202656 0.0213651 0.0206323 0.0260626 0.0179710 0.0187866 0.0261168 0.0220718 0.0190020 0.0162496 0.0297655 0.0289070 0.0291376 0.0228670 0.0199782 0.0209182 0.0278396 0.0000000 0.0253701 0.0404360 0.0593628 0.0651664 0.0634145 0.0733765 0.1735256 0.0925003 0.0767284 0.1013394 0.1965809 0.0680354 0.1020066 0.1375538 0.0604754 0.1053052 0.1805436 0.0577005 0.0574720 0.0135033 0.0136937 0.0110752 0.0423306 0.0637010 0.0532383 0.0665376 
Lagenorhynchus_acutus       0.1688077 0.1171663 0.1659017 0.1664432 0.1303311 0.0878239 0.0981425 0.1525821 0.1649637 0.1535829 0.2152679 0.0240013 0.0210679 0.0223331 0.0279521 0.0206562 0.0211527 0.0275034 0.0243286 0.0449843 0.0272109 0.0312867 0.0311492 0.0315412 0.0260091 0.0226969 0.0216593 0.0295501 0.0253701 0.0000000 0.0758765 0.0688241 0.0948116 0.0605552 0.0727496 0.1742006 0.1004875 0.1174355 0.1559561 0.1918174 0.1219805 0.1417806 0.2073671 0.1750840 0.2164119 0.3472148 0.0759494 0.0735757 0.0150815 0.0129639 0.0105337 0.0450592 0.0707605 0.0884419 0.1225965 
Delphinapterus_leucas       0.0683798 0.0735556 0.1117678 0.0688605 0.0524247 0.0621458 0.0464295 0.0647827 0.1154337 0.0641099 0.0626741 0.0834207 0.0748067 0.0766801 0.0667651 0.0691292 0.0685401 0.0393544 0.0952253 0.0434674 0.0344884 0.0724315 0.0691803 0.0395903 0.0758567 0.0704972 0.0785216 0.0370328 0.0404360 0.0758765 0.0000000 0.0345305 0.0367868 0.0626913 0.0587164 0.2313441 0.0827355 0.0687659 0.0673793 0.1587467 0.0644894 0.0725602 0.0949263 0.0592893 0.0781794 0.1389410 0.0568245 0.0565995 0.0276510 0.0342629 0.0425140 0.0048335 0.0328978 0.0423336 0.0437122 
Phocoena_phocoena           0.0834129 0.0896440 0.1267731 0.0851275 0.0673501 0.0760702 0.0637921 0.0764838 0.1293342 0.0789558 0.0770110 0.0675924 0.0715256 0.0702838 0.0595529 0.0666402 0.0607657 0.0394569 0.0728414 0.0585406 0.0381345 0.0657473 0.0658506 0.0430209 0.0698096 0.0676967 0.0672282 0.0396127 0.0593628 0.0688241 0.0345305 0.0000000 0.0114443 0.0208285 0.0210132 0.1641552 0.0954538 0.0790985 0.0736515 0.1753447 0.0672287 0.0772285 0.1030062 0.0616666 0.0968620 0.1402781 0.0662153 0.0659718 0.0328535 0.0456996 0.0450562 0.0170780 0.0390956 0.0597240 0.0457474 
Phocoena_sinus              0.0848117 0.0874202 0.1333757 0.0845859 0.0660019 0.0847041 0.0672771 0.0749364 0.1362204 0.0744644 0.0700342 0.0984793 0.0980180 0.0968328 0.0743995 0.0904906 0.0838194 0.0414276 0.1111128 0.0560022 0.0380547 0.0891618 0.0880127 0.0442535 0.0972801 0.0922699 0.0914784 0.0409130 0.0651664 0.0948116 0.0367868 0.0114443 0.0000000 0.0309639 0.0313551 0.1843341 0.1170543 0.0803519 0.0715749 0.2037321 0.0749322 0.0734655 0.0995557 0.0683221 0.0867823 0.1330295 0.0541044 0.0536586 0.0328654 0.0561860 0.0390399 0.0160014 0.0373365 0.0538804 0.0398174 
Phocoenoides_dalli          0.1644388 0.1072560 0.1521884 0.1564328 0.1211904 0.0800912 0.0909052 0.1420009 0.1698279 0.1368027 0.1805983 0.0616089 0.0631540 0.0598300 0.0660132 0.0573688 0.0587580 0.0677228 0.0660383 0.1016053 0.0602045 0.0724243 0.0720187 0.0720556 0.0612221 0.0596997 0.0578576 0.0705842 0.0634145 0.0605552 0.0626913 0.0208285 0.0309639 0.0000000 0.0257076 0.1499986 0.1068229 0.1178473 0.1496598 0.1656713 0.1087969 0.1343417 0.1972970 0.1701180 0.2030160 0.3183310 0.0785710 0.0761783 0.0380496 0.0361504 0.0299297 0.0273152 0.0600099 0.0804608 0.1162233 
Neophocaena_phocaenoides    0.1621811 0.1221354 0.1761151 0.1632441 0.1115554 0.0793006 0.0910922 0.1384729 0.1889490 0.1372087 0.2116613 0.0712331 0.0730267 0.0717725 0.0631521 0.0719841 0.0688377 0.0661850 0.0830424 0.1050354 0.0579117 0.0692397 0.0696888 0.0701484 0.0754941 0.0703799 0.0709802 0.0681822 0.0733765 0.0727496 0.0587164 0.0210132 0.0313551 0.0257076 0.0000000 0.1579797 0.1055206 0.1174285 0.1508129 0.1939493 0.1176104 0.1304305 0.1928994 0.1878788 0.1992640 0.3151912 0.0766550 0.0739434 0.0306626 0.0431302 0.0420117 0.0201163 0.0508382 0.0974239 0.1210724 
Berardius_bairdii           0.1984389 0.1766570 0.2190379 0.1845618 0.1514340 0.1286834 0.1489754 0.1741450 0.2336083 0.1708829 0.2127624 0.1597660 0.1617864 0.1591007 0.1593111 0.1574515 0.1587238 0.1742490 0.1590843 0.1884926 0.1576258 0.1777162 0.1749565 0.1758987 0.1655354 0.1609070 0.1583071 0.1689286 0.1735256 0.1742006 0.2313441 0.1641552 0.1843341 0.1499986 0.1579797 0.0000000 0.0978905 0.0874971 0.1091284 0.1551348 0.2920916 0.1955262 0.2324144 0.2661562 0.2181066 0.4320007 0.0941040 0.0947689 0.1238690 0.1219493 0.1034312 0.1013579 0.1025719 0.0893103 0.1233417 
Ziphius_cavirostris         0.1168820 0.0848106 0.1335524 0.1139489 0.0829400 0.0654799 0.0700999 0.1203244 0.1263096 0.1098396 0.1355234 0.1051961 0.1014484 0.1006585 0.1008246 0.1002031 0.0991459 0.0905344 0.1125049 0.1087955 0.0875558 0.1067034 0.1090973 0.0968743 0.1115416 0.1059884 0.1071679 0.0900639 0.0925003 0.1004875 0.0827355 0.0954538 0.1170543 0.1068229 0.1055206 0.0978905 0.0000000 0.0428096 0.0483519 0.0870449 0.1080858 0.1114832 0.1729607 0.1449504 0.1529718 0.2252145 0.0632725 0.0630229 0.0659234 0.0692734 0.0781818 0.0584262 0.0665318 0.0681038 0.0706838 
Mesoplodon_bidens           0.0815670 0.0837336 0.1591727 0.0831820 0.0629130 0.0671504 0.0563238 0.0815722 0.1314831 0.0756180 0.0700640 0.1208085 0.1145400 0.1171152 0.1137856 0.1128458 0.1131824 0.0754630 0.1166182 0.0837523 0.0700979 0.1194018 0.1233901 0.0785773 0.1242963 0.1215411 0.1225158 0.0745464 0.0767284 0.1174355 0.0687659 0.0790985 0.0803519 0.1178473 0.1174285 0.0874971 0.0428096 0.0000000 0.0270588 0.1366833 0.0798894 0.0808650 0.1109418 0.0834639 0.0935490 0.1447258 0.0626118 0.0645393 0.0722289 0.0763971 0.0933685 0.0528534 0.0526773 0.0491816 0.0492315 
Mesoplodon_densirostris     0.0782325 0.0821660 0.1316487 0.0785025 0.0652557 0.0880438 0.0634324 0.0761933 0.1219789 0.0728755 0.0621945 0.1595116 0.1526043 0.1561520 0.1312166 0.1445139 0.1326704 0.0679907 0.1706321 0.0846951 0.0690730 0.1454426 0.1431817 0.0724526 0.1570959 0.1579765 0.1515084 0.0672002 0.1013394 0.1559561 0.0673793 0.0736515 0.0715749 0.1496598 0.1508129 0.1091284 0.0483519 0.0270588 0.0000000 0.1244612 0.0806144 0.0722306 0.0995322 0.0706807 0.0901296 0.1255480 0.0558236 0.0553650 0.0966931 0.1279243 0.1101471 0.0493776 0.0511323 0.0576679 0.0351631 
Tasmacetus_shepherdi        0.2099293 0.1300014 0.1868161 0.1748049 0.1227230 0.1076008 0.1570738 0.1891419 0.1773758 0.1614967 0.1903082 0.1693416 0.1756387 0.1684021 0.1596442 0.1604903 0.1558901 0.1670052 0.2252688 0.1774030 0.1443755 0.1667483 0.1640227 0.1707153 0.1602903 0.1644024 0.1615698 0.1704532 0.1965809 0.1918174 0.1587467 0.1753447 0.2037321 0.1656713 0.1939493 0.1551348 0.0870449 0.1366833 0.1244612 0.0000000 0.1961273 0.1987813 0.2248692 0.1727371 0.2763351 0.3134753 0.0964818 0.0937717 0.0765216 0.0787466 0.0846240 0.0687479 0.0836761 0.0822633 0.1290299 
Pontoporia_blainvillei      0.0849963 0.0957836 0.1465326 0.0872627 0.0645862 0.0700946 0.0517342 0.0801620 0.1273677 0.0815818 0.0762078 0.1192886 0.1194618 0.1142904 0.1129151 0.1176328 0.1143130 0.0650463 0.1284776 0.0706397 0.0569208 0.1304963 0.1253117 0.0681532 0.1268731 0.1238348 0.1283776 0.0647606 0.0680354 0.1219805 0.0644894 0.0672287 0.0749322 0.1087969 0.1176104 0.2920916 0.1080858 0.0798894 0.0806144 0.1961273 0.0000000 0.0771533 0.1026124 0.0542110 0.0829123 0.1516081 0.0732727 0.0730187 0.0456053 0.0464208 0.0623635 0.0315987 0.0314038 0.0467010 0.0491570 
Physeter_macrocephalus      0.0729672 0.0734711 0.1140011 0.0796947 0.0602971 0.0841249 0.0641901 0.0699763 0.1218616 0.0702765 0.0636585 0.1389740 0.1395413 0.1398132 0.1317296 0.1406473 0.1324253 0.0752835 0.1536786 0.0915942 0.0734667 0.1388536 0.1375552 0.0790347 0.1467973 0.1461479 0.1451090 0.0764958 0.1020066 0.1417806 0.0725602 0.0772285 0.0734655 0.1343417 0.1304305 0.1955262 0.1114832 0.0808650 0.0722306 0.1987813 0.0771533 0.0000000 0.0626364 0.0736479 0.0543076 0.1270187 0.0503008 0.0500811 0.0904488 0.1093358 0.1148524 0.0505246 0.0522150 0.0555626 0.0315838 
Kogia_breviceps             0.1009479 0.1123149 0.1626456 0.1056481 0.0818664 0.1290362 0.0873946 0.0923135 0.1388764 0.0963137 0.0867294 0.2047443 0.2093224 0.2098108 0.1815454 0.2013854 0.2016615 0.1003080 0.2411019 0.1159662 0.1004642 0.2003051 0.1969017 0.1026726 0.2227840 0.2145516 0.2054723 0.1002220 0.1375538 0.2073671 0.0949263 0.1030062 0.0995557 0.1972970 0.1928994 0.2324144 0.1729607 0.1109418 0.0995322 0.2248692 0.1026124 0.0626364 0.0000000 0.0991491 0.0296096 0.1546648 0.0846764 0.0844009 0.1504203 0.1804835 0.1648538 0.0746799 0.0771799 0.0787817 0.0494330 
Inia_geoffrensis            0.0789808 0.0948338 0.1391552 0.0778243 0.0564648 0.0828778 0.0481852 0.0759749 0.1388969 0.0782960 0.0755406 0.1748510 0.1743583 0.1771986 0.1663865 0.1731181 0.1677566 0.0603261 0.2114962 0.0600298 0.0500160 0.1854451 0.1801872 0.0650030 0.1843100 0.1741322 0.1845435 0.0617066 0.0604754 0.1750840 0.0592893 0.0616666 0.0683221 0.1701180 0.1878788 0.2661562 0.1449504 0.0834639 0.0706807 0.1727371 0.0542110 0.0736479 0.0991491 0.0000000 0.0806349 0.1434438 0.0629142 0.0626768 0.0600577 0.0619475 0.0648828 0.0221525 0.0253356 0.0371805 0.0389595 
Kogia_sima                  0.0898402 0.0836321 0.1530055 0.1009225 0.0728647 0.1208196 0.0739662 0.0862525 0.1481829 0.0888898 0.0691244 0.2115082 0.2188517 0.2077989 0.1913832 0.2069274 0.1973447 0.0942570 0.2095412 0.0851642 0.0932031 0.1942536 0.1972734 0.0922774 0.2157558 0.2208976 0.2095258 0.0939009 0.1053052 0.2164119 0.0781794 0.0968620 0.0867823 0.2030160 0.1992640 0.2181066 0.1529718 0.0935490 0.0901296 0.2763351 0.0829123 0.0543076 0.0296096 0.0806349 0.0000000 0.1525662 0.0834174 0.0855836 0.1707076 0.2131515 0.1865367 0.0747326 0.0777060 0.0729882 0.0490916 
Hippopotamus_amphibius      0.1317441 0.1601394 0.2330191 0.1424466 0.1103678 0.1555088 0.1001525 0.1305727 0.2210419 0.1337723 0.1322530 0.3447719 0.3463883 0.3458711 0.3153323 0.3337814 0.3134495 0.1449600 0.4250790 0.1525386 0.1431126 0.2983483 0.2864606 0.1411311 0.3260371 0.3343915 0.3352352 0.1417327 0.1805436 0.3472148 0.1389410 0.1402781 0.1330295 0.3183310 0.3151912 0.4320007 0.2252145 0.1447258 0.1255480 0.3134753 0.1516081 0.1270187 0.1546648 0.1434438 0.1525662 0.0000000 0.1603535 0.1601637 0.2088358 0.2569785 0.2612353 0.1136078 0.1183948 0.1206739 0.1012115 
Balaena_mysticetus          0.0259549 0.0229617 0.0239421 0.0268659 0.0201581 0.0228836 0.0238194 0.0258390 0.0194273 0.0037484 0.0000024 0.0760917 0.0712583 0.0760255 0.0734382 0.0713440 0.0713440 0.0586675 0.0921966 0.0467709 0.0591762 0.0744012 0.0696873 0.0574567 0.0728615 0.0734926 0.0740890 0.0576472 0.0577005 0.0759494 0.0568245 0.0662153 0.0541044 0.0785710 0.0766550 0.0941040 0.0632725 0.0626118 0.0558236 0.0964818 0.0732727 0.0503008 0.0846764 0.0629142 0.0834174 0.1603535 0.0000000 0.0014726 0.0692627 0.0712583 0.0692546 0.0568214 0.0672818 0.0568676 0.0296487 
Eubalaena_japonica          0.0257321 0.0228594 0.0238363 0.0267460 0.0200683 0.0227819 0.0252139 0.0257241 0.0193400 0.0029616 0.0010753 0.0737092 0.0689249 0.0736535 0.0710905 0.0690117 0.0690117 0.0584367 0.0927490 0.0463768 0.0589438 0.0720338 0.0673563 0.0572283 0.0704157 0.0711389 0.0717217 0.0574187 0.0574720 0.0735757 0.0565995 0.0659718 0.0536586 0.0761783 0.0739434 0.0947689 0.0630229 0.0645393 0.0553650 0.0937717 0.0730187 0.0500811 0.0844009 0.0626768 0.0855836 0.1601637 0.0014726 0.0000000 0.0669462 0.0689249 0.0669384 0.0565849 0.0670285 0.0551360 0.0311114 
Sousa_chinensis             0.1119357 0.0792757 0.0796449 0.1189304 0.1000804 0.0775558 0.0872000 0.0976616 0.0772466 0.0991261 0.0837680 0.0123277 0.0131456 0.0119383 0.0070049 0.0119529 0.0085768 0.0066465 0.0155305 0.0118073 0.0030852 0.0037914 0.0037797 0.0048329 0.0101706 0.0081507 0.0103847 0.0073420 0.0135033 0.0150815 0.0276510 0.0328535 0.0328654 0.0380496 0.0306626 0.1238690 0.0659234 0.0722289 0.0966931 0.0765216 0.0456053 0.0904488 0.1504203 0.0600577 0.1707076 0.2088358 0.0692627 0.0669462 0.0000000 0.0110895 0.0170063 0.0348434 0.0587201 0.1021035 0.1067984 
Sotalia_fluviatilis         0.1460220 0.0813473 0.0817266 0.1387103 0.1291337 0.0844310 0.0955875 0.1245317 0.0793078 0.1232056 0.0880783 0.0125321 0.0110824 0.0106564 0.0191310 0.0117796 0.0127005 0.0191750 0.0157277 0.0364358 0.0151114 0.0155113 0.0154618 0.0162802 0.0096557 0.0076786 0.0098739 0.0199082 0.0136937 0.0129639 0.0342629 0.0456996 0.0561860 0.0361504 0.0431302 0.1219493 0.0692734 0.0763971 0.1279243 0.0787466 0.0464208 0.1093358 0.1804835 0.0619475 0.2131515 0.2569785 0.0712583 0.0689249 0.0110895 0.0000000 0.0149534 0.0549416 0.0827942 0.1016458 0.1115016 
Lissodelphis_borealis       0.1198616 0.0792664 0.0796355 0.1137323 0.1059217 0.0878483 0.1088325 0.1025245 0.0772375 0.1040214 0.0783296 0.0088627 0.0040200 0.0045294 0.0164543 0.0077849 0.0090372 0.0184842 0.0120990 0.0227333 0.0197639 0.0196996 0.0184216 0.0221541 0.0107572 0.0088499 0.0077809 0.0176732 0.0110752 0.0105337 0.0425140 0.0450562 0.0390399 0.0299297 0.0420117 0.1034312 0.0781818 0.0933685 0.1101471 0.0846240 0.0623635 0.1148524 0.1648538 0.0648828 0.1865367 0.2612353 0.0692546 0.0669384 0.0170063 0.0149534 0.0000000 0.0416416 0.0660121 0.0851425 0.1008590 
Monodon_monoceros           0.0591147 0.0567509 0.0580626 0.0636976 0.0575326 0.0697776 0.0572984 0.0527978 0.0536471 0.0573826 0.0404176 0.0441814 0.0439804 0.0421611 0.0305871 0.0412262 0.0342061 0.0214153 0.0526456 0.0308512 0.0236734 0.0365934 0.0351984 0.0242111 0.0475440 0.0466156 0.0427085 0.0208760 0.0423306 0.0450592 0.0048335 0.0170780 0.0160014 0.0273152 0.0201163 0.1013579 0.0584262 0.0528534 0.0493776 0.0687479 0.0315987 0.0505246 0.0746799 0.0221525 0.0747326 0.1136078 0.0568214 0.0565849 0.0348434 0.0549416 0.0416416 0.0000000 0.0373458 0.0548571 0.0432044 
Lipotes_vexillifer          0.0638410 0.0671985 0.0686320 0.0673166 0.0622409 0.0749651 0.0629138 0.0573984 0.0631884 0.0617588 0.0453873 0.0697729 0.0661116 0.0673537 0.0523171 0.0672669 0.0605045 0.0379967 0.0783841 0.0510508 0.0406763 0.0592982 0.0590470 0.0408714 0.0737043 0.0734263 0.0689580 0.0363052 0.0637010 0.0707605 0.0328978 0.0390956 0.0373365 0.0600099 0.0508382 0.1025719 0.0665318 0.0526773 0.0511323 0.0836761 0.0314038 0.0522150 0.0771799 0.0253356 0.0777060 0.1183948 0.0672818 0.0670285 0.0587201 0.0827942 0.0660121 0.0373458 0.0000000 0.0565786 0.0463706 
Platanista_minor            0.0647667 0.0622998 0.0636574 0.0662002 0.0632240 0.0706088 0.0544869 0.0601719 0.0567060 0.0603299 0.0381987 0.0850546 0.0852523 0.0856482 0.0989414 0.0874023 0.0877722 0.0590350 0.1037132 0.0553820 0.0595857 0.1058216 0.1036596 0.0609200 0.0935015 0.0923493 0.0874194 0.0549680 0.0532383 0.0884419 0.0423336 0.0597240 0.0538804 0.0804608 0.0974239 0.0893103 0.0681038 0.0491816 0.0576679 0.0822633 0.0467010 0.0555626 0.0787817 0.0371805 0.0729882 0.1206739 0.0568676 0.0551360 0.1021035 0.1016458 0.0851425 0.0548571 0.0565786 0.0000000 0.0394997 
Caperea_marginata           0.0213628 0.0283158 0.0298375 0.0216732 0.0234274 0.0329963 0.0173969 0.0190375 0.0197671 0.0233128 0.0194480 0.1074908 0.1054873 0.1164719 0.1165003 0.1116140 0.1116140 0.0421924 0.1091354 0.0506765 0.0415849 0.1128184 0.1128184 0.0425808 0.1179425 0.1119481 0.1115016 0.0396037 0.0665376 0.1225965 0.0437122 0.0457474 0.0398174 0.1162233 0.1210724 0.1233417 0.0706838 0.0492315 0.0351631 0.1290299 0.0491570 0.0315838 0.0494330 0.0389595 0.0490916 0.1012115 0.0296487 0.0311114 0.1067984 0.1115016 0.1008590 0.0432044 0.0463706 0.0394997 0.0000000 
